00501
00544
00601
00602
00603
00604
00605
00606
00610
00611
00612
00613
00614
00616
00617
00622
00623
00624
00692
00693
00694
00698
00703
00704
00705
00707
00714
00715
00716
00717
00718
00719
00720
00721
00723
00725
00726
00727
00728
00729
00730
00731
00732
00733
00734
00735
00736
00737
00738
00739
00740
00741
00742
00744
00745
00751
00754
00757
00765
00766
00767
00769
00771
00772
00773
00775
00777
00778
00780
00782
00783
00784
00785
00786
00791
00792
00794
00795
00801
00802
00803
00804
00805
00820
00821
00822
00823
00824
00830
00831
00840
00841
00850
00851
00901
00902
00906
00907
00908
00909
00910
00911
00912
00913
00914
00915
00916
00917
00918
00919
00920
00921
00922
00923
00924
00925
00926
00927
00928
00929
00930
00931
00933
00934
00935
00936
00937
00939
00940
00949
00950
00951
00952
00953
00954
00955
00956
00957
00958
00959
00960
00961
00962
00963
00965
00966
00968
00969
00970
00971
00975
00976
00977
00978
00979
00981
00982
00983
00984
00985
00986
00987
00988
01001
01002
01003
01004
01005
01007
01008
01009
01010
01011
01012
01013
01014
01020
01021
01022
01026
01027
01028
01029
01030
01031
01032
01033
01034
01035
01036
01037
01038
01039
01040
01041
01050
01053
01054
01056
01057
01059
01060
01061
01062
01063
01066
01068
01069
01070
01071
01072
01073
01074
01075
01077
01079
01080
01081
01082
01083
01084
01085
01086
01088
01089
01090
01092
01093
01094
01095
01096
01097
01098
01101
01102
01103
01104
01105
01106
01107
01108
01109
01111
01115
01116
01118
01119
01128
01129
01133
01138
01139
01144
01151
01152
01195
01199
01201
01202
01203
01220
01222
01223
01224
01225
01226
01227
01229
01230
01235
01236
01237
01238
01240
01242
01243
01244
01245
01247
01252
01253
01254
01255
01256
01257
01258
01259
01260
01262
01263
01264
01266
01267
01270
01301
01302
01330
01331
01337
01338
01339
01340
01341
01342
01343
01344
01346
01347
01349
01350
01351
01354
01355
01360
01364
01366
01367
01368
01370
01373
01375
01376
01378
01379
01380
01420
01430
01431
01432
01434
01436
01438
01440
01441
01450
01451
01452
01453
01460
01462
01463
01464
01467
01468
01469
01470
01471
01472
01473
01474
01475
01477
01501
01503
01504
01505
01506
01507
01508
01509
01510
01515
01516
01517
01518
01519
01520
01521
01522
01523
01524
01525
01526
01527
01529
01531
01532
01534
01535
01536
01537
01538
01540
01541
01542
01543
01545
01546
01550
01560
01561
01562
01564
01566
01568
01569
01570
01571
01580
01581
01582
01583
01585
01586
01588
01590
01601
01602
01603
01604
01605
01606
01607
01608
01609
01610
01611
01612
01613
01614
01615
01653
01654
01655
01701
01702
01703
01704
01705
01718
01719
01720
01721
01730
01731
01740
01741
01742
01745
01746
01747
01748
01749
01752
01754
01756
01757
01760
01770
01772
01773
01775
01776
01778
01784
01801
01803
01805
01806
01807
01808
01810
01812
01813
01815
01821
01822
01824
01826
01827
01830
01831
01832
01833
01834
01835
01840
01841
01842
01843
01844
01845
01850
01851
01852
01853
01854
01860
01862
01863
01864
01865
01866
01867
01876
01879
01880
01885
01886
01887
01888
01889
01890
01899
01901
01902
01903
01904
01905
01906
01907
01908
01910
01913
01915
01921
01922
01923
01929
01930
01931
01936
01937
01938
01940
01944
01945
01949
01950
01951
01952
01960
01961
01965
01966
01969
01970
01971
01982
01983
01984
01985
02018
02019
02020
02021
02025
02026
02027
02030
02031
02032
02035
02038
02040
02041
02043
02044
02045
02047
02048
02050
02051
02052
02053
02054
02055
02056
02059
02060
02061
02062
02065
02066
02067
02070
02071
02072
02081
02090
02093
02108
02109
02110
02111
02112
02113
02114
02115
02116
02117
02118
02119
02120
02121
02122
02123
02124
02125
02126
02127
02128
02129
02130
02131
02132
02133
02134
02135
02136
02137
02138
02139
02140
02141
02142
02143
02144
02145
02148
02149
02150
02151
02152
02153
02155
02156
02163
02169
02170
02171
02176
02180
02184
02185
02186
02187
02188
02189
02190
02191
02196
02199
02201
02203
02204
02205
02206
02207
02210
02211
02212
02215
02216
02217
02222
02228
02238
02239
02241
02266
02269
02283
02284
02293
02295
02297
02298
02301
02302
02303
02304
02305
02322
02324
02325
02327
02330
02331
02332
02333
02334
02337
02338
02339
02340
02341
02343
02344
02345
02346
02347
02348
02349
02350
02351
02355
02356
02357
02358
02359
02360
02361
02362
02364
02366
02367
02368
02370
02375
02379
02381
02382
02420
02421
02445
02446
02447
02451
02452
02453
02454
02455
02456
02457
02458
02459
02460
02461
02462
02464
02465
02466
02467
02468
02471
02472
02474
02475
02476
02477
02478
02479
02481
02482
02492
02493
02494
02495
02532
02534
02535
02536
02537
02538
02539
02540
02541
02542
02543
02552
02553
02554
02556
02557
02558
02559
02561
02562
02563
02564
02565
02568
02571
02573
02574
02575
02576
02584
02601
02630
02631
02632
02633
02634
02635
02636
02637
02638
02639
02641
02642
02643
02644
02645
02646
02647
02648
02649
02650
02651
02652
02653
02655
02657
02659
02660
02661
02662
02663
02664
02666
02667
02668
02669
02670
02671
02672
02673
02675
02702
02703
02712
02713
02714
02715
02717
02718
02719
02720
02721
02722
02723
02724
02725
02726
02738
02739
02740
02741
02742
02743
02744
02745
02746
02747
02748
02760
02761
02762
02763
02764
02766
02767
02768
02769
02770
02771
02777
02779
02780
02783
02790
02791
02801
02802
02804
02806
02807
02808
02809
02812
02813
02814
02815
02816
02817
02818
02822
02823
02824
02825
02826
02827
02828
02829
02830
02831
02832
02833
02835
02836
02837
02838
02839
02840
02841
02842
02852
02854
02857
02858
02859
02860
02861
02862
02863
02864
02865
02871
02872
02873
02874
02875
02876
02877
02878
02879
02880
02881
02882
02883
02885
02886
02887
02888
02889
02891
02892
02893
02894
02895
02896
02898
02901
02902
02903
02904
02905
02906
02907
02908
02909
02910
02911
02912
02914
02915
02916
02917
02918
02919
02920
02921
02940
03031
03032
03033
03034
03036
03037
03038
03040
03041
03042
03043
03044
03045
03046
03047
03048
03049
03051
03052
03053
03054
03055
03057
03060
03061
03062
03063
03064
03070
03071
03073
03076
03077
03079
03082
03084
03086
03087
03101
03102
03103
03104
03105
03106
03107
03108
03109
03110
03111
03215
03216
03217
03218
03220
03221
03222
03223
03224
03225
03226
03227
03229
03230
03231
03233
03234
03235
03237
03238
03240
03241
03242
03243
03244
03245
03246
03247
03249
03251
03252
03253
03254
03255
03256
03257
03258
03259
03260
03261
03262
03263
03264
03266
03268
03269
03272
03273
03274
03275
03276
03278
03279
03280
03281
03282
03284
03285
03287
03289
03290
03291
03293
03298
03299
03301
03302
03303
03304
03305
03307
03431
03435
03440
03441
03442
03443
03444
03445
03446
03447
03448
03449
03450
03451
03452
03455
03456
03457
03458
03461
03462
03464
03465
03466
03467
03468
03469
03470
03561
03570
03574
03575
03576
03579
03580
03581
03582
03583
03584
03585
03586
03588
03589
03590
03592
03593
03595
03597
03598
03601
03602
03603
03604
03605
03607
03608
03609
03740
03741
03743
03745
03746
03748
03749
03750
03751
03752
03753
03754
03755
03756
03765
03766
03768
03769
03770
03771
03773
03774
03777
03779
03780
03781
03782
03784
03785
03801
03802
03803
03804
03805
03809
03810
03811
03812
03813
03814
03815
03816
03817
03818
03819
03820
03821
03822
03823
03824
03825
03826
03827
03830
03832
03833
03835
03836
03837
03838
03839
03840
03841
03842
03843
03844
03845
03846
03847
03848
03849
03850
03851
03852
03853
03854
03855
03856
03857
03858
03859
03860
03861
03862
03864
03865
03866
03867
03868
03869
03870
03871
03872
03873
03874
03875
03878
03882
03883
03884
03885
03886
03887
03890
03894
03896
03897
03901
03902
03903
03904
03905
03906
03907
03908
03909
03910
03911
04001
04002
04003
04004
04005
04006
04007
04008
04009
04010
04011
04013
04014
04015
04016
04017
04019
04020
04021
04022
04024
04027
04028
04029
04030
04032
04033
04034
04037
04038
04039
04040
04041
04042
04043
04046
04047
04048
04049
04050
04051
04054
04055
04056
04057
04061
04062
04063
04064
04066
04068
04069
04070
04071
04072
04073
04074
04075
04076
04077
04078
04079
04082
04083
04084
04085
04086
04087
04088
04090
04091
04092
04093
04094
04095
04096
04097
04098
04101
04102
04103
04104
04105
04106
04107
04108
04109
04110
04112
04116
04122
04123
04124
04210
04211
04212
04216
04217
04219
04220
04221
04222
04223
04224
04225
04226
04227
04228
04230
04231
04234
04236
04237
04238
04239
04240
04241
04243
04250
04252
04253
04254
04255
04256
04257
04258
04259
04260
04261
04262
04263
04265
04266
04267
04268
04270
04271
04274
04275
04276
04280
04281
04282
04284
04285
04286
04287
04288
04289
04290
04291
04292
04294
04330
04332
04333
04336
04338
04341
04342
04343
04344
04345
04346
04347
04348
04349
04350
04351
04352
04353
04354
04355
04357
04358
04359
04360
04363
04364
04401
04402
04406
04408
04410
04411
04412
04413
04414
04415
04416
04417
04418
04419
04420
04421
04422
04424
04426
04427
04428
04429
04430
04431
04434
04435
04438
04441
04442
04443
04444
04448
04449
04450
04451
04453
04454
04455
04456
04457
04459
04460
04461
04462
04463
04464
04467
04468
04469
04471
04472
04473
04474
04475
04476
04478
04479
04481
04485
04487
04488
04489
04490
04491
04492
04493
04495
04496
04497
04530
04535
04537
04538
04539
04541
04543
04544
04547
04548
04549
04551
04553
04554
04555
04556
04558
04562
04563
04564
04565
04568
04570
04571
04572
04573
04574
04575
04576
04578
04579
04605
04606
04607
04609
04611
04612
04613
04614
04616
04617
04619
04622
04623
04624
04625
04626
04627
04628
04629
04630
04631
04634
04635
04637
04640
04642
04643
04644
04645
04646
04648
04649
04650
04652
04653
04654
04655
04657
04658
04660
04662
04664
04666
04667
04668
04669
04671
04672
04673
04674
04675
04676
04677
04679
04680
04681
04683
04684
04685
04686
04691
04693
04694
04730
04732
04733
04734
04735
04736
04737
04738
04739
04740
04741
04742
04743
04744
04745
04746
04747
04750
04751
04756
04757
04758
04760
04761
04762
04763
04764
04765
04766
04768
04769
04772
04773
04774
04775
04776
04777
04779
04780
04781
04783
04785
04786
04787
04841
04843
04846
04847
04848
04849
04850
04851
04852
04853
04854
04855
04856
04858
04859
04860
04861
04862
04863
04864
04865
04901
04903
04910
04911
04912
04915
04917
04918
04920
04921
04922
04923
04924
04925
04926
04927
04928
04929
04930
04932
04933
04935
04936
04937
04938
04939
04940
04941
04942
04943
04944
04945
04947
04949
04950
04951
04952
04953
04954
04955
04956
04957
04958
04961
04962
04963
04964
04965
04966
04967
04969
04970
04971
04972
04973
04974
04975
04976
04978
04979
04981
04982
04983
04984
04985
04986
04987
04988
04989
04992
05001
05009
05030
05031
05032
05033
05034
05035
05036
05037
05038
05039
05040
05041
05042
05043
05045
05046
05047
05048
05049
05050
05051
05052
05053
05054
05055
05056
05058
05059
05060
05061
05062
05065
05067
05068
05069
05070
05071
05072
05073
05074
05075
05076
05077
05079
05081
05083
05084
05085
05086
05088
05089
05091
05101
05141
05142
05143
05144
05146
05148
05149
05150
05151
05152
05153
05154
05155
05156
05158
05159
05161
05201
05250
05251
05252
05253
05254
05255
05257
05260
05261
05262
05301
05302
05303
05304
05340
05341
05342
05343
05344
05345
05346
05350
05351
05352
05353
05354
05355
05356
05357
05358
05359
05360
05361
05362
05363
05401
05402
05403
05404
05405
05406
05407
05408
05439
05440
05441
05442
05443
05444
05445
05446
05447
05448
05449
05450
05451
05452
05453
05454
05455
05456
05457
05458
05459
05460
05461
05462
05463
05464
05465
05466
05468
05469
05470
05471
05472
05473
05474
05476
05477
05478
05479
05481
05482
05483
05485
05486
05487
05488
05489
05490
05491
05492
05494
05495
05501
05544
05601
05602
05603
05604
05609
05620
05633
05640
05641
05647
05648
05649
05650
05651
05652
05653
05654
05655
05656
05657
05658
05660
05661
05662
05663
05664
05665
05666
05667
05669
05670
05671
05672
05673
05674
05675
05676
05677
05678
05679
05680
05681
05682
05701
05702
05730
05731
05732
05733
05734
05735
05736
05737
05738
05739
05740
05741
05742
05743
05744
05745
05746
05747
05748
05750
05751
05753
05757
05758
05759
05760
05761
05762
05763
05764
05765
05766
05767
05768
05769
05770
05772
05773
05774
05775
05776
05777
05778
05819
05820
05821
05822
05823
05824
05825
05826
05827
05828
05829
05830
05832
05833
05836
05837
05838
05839
05840
05841
05842
05843
05845
05846
05847
05848
05849
05850
05851
05853
05855
05857
05858
05859
05860
05861
05862
05863
05866
05867
05868
05871
05872
05873
05874
05875
05901
05902
05903
05904
05905
05906
05907
06001
06002
06006
06010
06011
06013
06016
06018
06019
06020
06021
06022
06023
06024
06025
06026
06027
06028
06029
06030
06031
06032
06033
06034
06035
06037
06039
06040
06041
06042
06043
06045
06050
06051
06052
06053
06057
06058
06059
06060
06061
06062
06063
06064
06065
06066
06067
06068
06069
06070
06071
06072
06073
06074
06075
06076
06077
06078
06079
06080
06081
06082
06083
06084
06085
06087
06088
06089
06090
06091
06092
06093
06094
06095
06096
06098
06101
06102
06103
06104
06105
06106
06107
06108
06109
06110
06111
06112
06114
06115
06117
06118
06119
06120
06123
06126
06127
06128
06129
06131
06132
06133
06134
06137
06138
06140
06141
06142
06143
06144
06145
06146
06147
06150
06151
06152
06153
06154
06155
06156
06160
06161
06167
06176
06180
06183
06199
06226
06230
06231
06232
06233
06234
06235
06237
06238
06239
06241
06242
06243
06244
06245
06246
06247
06248
06249
06250
06251
06254
06255
06256
06258
06259
06260
06262
06263
06264
06265
06266
06267
06268
06269
06277
06278
06279
06280
06281
06282
06320
06330
06331
06332
06333
06334
06335
06336
06338
06339
06340
06349
06350
06351
06353
06354
06355
06357
06359
06360
06365
06370
06371
06372
06373
06374
06375
06376
06377
06378
06379
06380
06382
06383
06384
06385
06386
06387
06388
06389
06390
06401
06403
06404
06405
06408
06409
06410
06411
06412
06413
06414
06415
06416
06417
06418
06419
06420
06422
06423
06424
06426
06437
06438
06439
06440
06441
06442
06443
06444
06447
06450
06451
06454
06455
06456
06457
06459
06460
06461
06467
06468
06469
06470
06471
06472
06473
06474
06475
06477
06478
06479
06480
06481
06482
06483
06484
06487
06488
06489
06491
06492
06493
06494
06495
06497
06498
06501
06502
06503
06504
06505
06506
06507
06508
06509
06510
06511
06512
06513
06514
06515
06516
06517
06518
06519
06520
06521
06524
06525
06530
06531
06532
06533
06534
06535
06536
06537
06538
06540
06601
06602
06604
06605
06606
06607
06608
06610
06611
06612
06614
06615
06650
06673
06699
06701
06702
06703
06704
06705
06706
06708
06710
06712
06716
06720
06721
06722
06723
06724
06725
06726
06749
06750
06751
06752
06753
06754
06755
06756
06757
06758
06759
06762
06763
06770
06776
06777
06778
06779
06781
06782
06783
06784
06785
06786
06787
06790
06791
06792
06793
06794
06795
06796
06798
06801
06804
06807
06810
06811
06812
06813
06814
06816
06817
06820
06824
06825
06828
06829
06830
06831
06832
06836
06838
06840
06842
06850
06851
06852
06853
06854
06855
06856
06857
06858
06859
06860
06870
06875
06876
06877
06878
06879
06880
06881
06883
06888
06889
06890
06896
06897
06901
06902
06903
06904
06905
06906
06907
06910
06911
06912
06913
06914
06920
06921
06922
06925
06926
06927
06928
07001
07002
07003
07004
07005
07006
07007
07008
07009
07010
07011
07012
07013
07014
07015
07016
07017
07018
07019
07020
07021
07022
07023
07024
07026
07027
07028
07029
07030
07031
07032
07033
07034
07035
07036
07039
07040
07041
07042
07043
07044
07045
07046
07047
07050
07051
07052
07054
07055
07057
07058
07059
07060
07061
07062
07063
07064
07065
07066
07067
07068
07069
07070
07071
07072
07073
07074
07075
07076
07077
07078
07079
07080
07081
07082
07083
07086
07087
07088
07090
07091
07092
07093
07094
07095
07096
07097
07099
07101
07102
07103
07104
07105
07106
07107
07108
07109
07110
07111
07112
07114
07175
07182
07184
07188
07189
07191
07192
07193
07194
07195
07198
07199
07201
07202
07203
07204
07205
07206
07207
07208
07302
07303
07304
07305
07306
07307
07308
07309
07310
07311
07395
07399
07401
07403
07405
07407
07410
07416
07417
07418
07419
07420
07421
07422
07423
07424
07428
07430
07432
07435
07436
07438
07439
07440
07442
07444
07446
07450
07451
07452
07456
07457
07458
07460
07461
07462
07463
07465
07470
07474
07477
07480
07481
07495
07501
07502
07503
07504
07505
07506
07507
07508
07509
07510
07511
07512
07513
07514
07522
07524
07533
07538
07543
07544
07601
07602
07603
07604
07605
07606
07607
07608
07620
07621
07624
07626
07627
07628
07630
07631
07632
07640
07641
07642
07643
07644
07645
07646
07647
07648
07649
07650
07652
07653
07656
07657
07660
07661
07662
07663
07666
07670
07675
07676
07677
07699
07701
07702
07703
07704
07709
07710
07711
07712
07715
07716
07717
07718
07719
07720
07721
07722
07723
07724
07726
07727
07728
07730
07731
07732
07733
07734
07735
07737
07738
07739
07740
07746
07747
07748
07750
07751
07752
07753
07754
07755
07756
07757
07758
07760
07762
07763
07764
07765
07799
07801
07802
07803
07806
07820
07821
07822
07823
07825
07826
07827
07828
07829
07830
07831
07832
07833
07834
07836
07837
07838
07839
07840
07842
07843
07844
07845
07846
07847
07848
07849
07850
07851
07852
07853
07855
07856
07857
07860
07863
07865
07866
07869
07870
07871
07874
07875
07876
07877
07878
07879
07880
07881
07882
07885
07890
07901
07902
07920
07921
07922
07924
07926
07927
07928
07930
07931
07932
07933
07934
07935
07936
07938
07939
07940
07945
07946
07950
07960
07961
07962
07963
07970
07974
07976
07977
07978
07979
07980
07981
07983
07999
08001
08002
08003
08004
08005
08006
08007
08008
08009
08010
08011
08012
08014
08015
08016
08018
08019
08020
08021
08022
08023
08025
08026
08027
08028
08029
08030
08031
08032
08033
08034
08035
08036
08037
08038
08039
08041
08042
08043
08045
08046
08048
08049
08050
08051
08052
08053
08054
08055
08056
08057
08059
08060
08061
08062
08063
08064
08065
08066
08067
08068
08069
08070
08071
08072
08073
08074
08075
08076
08077
08078
08079
08080
08081
08083
08084
08085
08086
08087
08088
08089
08090
08091
08092
08093
08094
08095
08096
08097
08098
08099
08101
08102
08103
08104
08105
08106
08107
08108
08109
08110
08201
08202
08203
08204
08205
08210
08212
08213
08214
08215
08217
08218
08219
08220
08221
08223
08224
08225
08226
08230
08231
08232
08234
08240
08241
08242
08243
08244
08245
08246
08247
08248
08250
08251
08252
08260
08270
08302
08310
08311
08312
08313
08314
08315
08316
08317
08318
08319
08320
08321
08322
08323
08324
08326
08327
08328
08329
08330
08332
08340
08341
08342
08343
08344
08345
08346
08347
08348
08349
08350
08352
08353
08360
08361
08362
08401
08402
08403
08404
08405
08406
08501
08502
08504
08505
08510
08511
08512
08514
08515
08518
08520
08525
08526
08527
08528
08530
08533
08534
08535
08536
08540
08541
08542
08543
08544
08550
08551
08553
08554
08555
08556
08557
08558
08559
08560
08561
08562
08601
08602
08603
08604
08605
08606
08607
08608
08609
08610
08611
08618
08619
08620
08625
08628
08629
08638
08640
08641
08644
08645
08646
08647
08648
08650
08666
08690
08691
08695
08701
08720
08721
08722
08723
08724
08730
08731
08732
08733
08734
08735
08736
08738
08739
08740
08741
08742
08750
08751
08752
08753
08754
08755
08756
08757
08758
08759
08801
08802
08803
08804
08805
08807
08808
08809
08810
08812
08816
08817
08818
08820
08821
08822
08823
08824
08825
08826
08827
08828
08829
08830
08831
08832
08833
08834
08835
08836
08837
08840
08844
08846
08848
08850
08852
08853
08854
08855
08857
08858
08859
08861
08862
08863
08865
08867
08868
08869
08870
08871
08872
08873
08875
08876
08879
08880
08882
08884
08885
08886
08887
08888
08889
08890
08899
08901
08902
08903
08904
08905
08906
08922
08933
08988
08989
09001
09002
09003
09004
09005
09006
09007
09008
09009
09010
09011
09012
09013
09014
09015
09016
09017
09018
09020
09021
09028
09031
09033
09034
09036
09038
09042
09044
09045
09046
09049
09051
09053
09054
09055
09056
09058
09059
09060
09063
09067
09068
09069
09074
09075
09076
09079
09080
09081
09086
09088
09089
09090
09092
09094
09095
09096
09099
09100
09102
09103
09104
09107
09110
09112
09113
09114
09115
09116
09123
09125
09126
09128
09131
09135
09136
09137
09138
09139
09140
09142
09143
09154
09160
09161
09165
09166
09169
09170
09171
09172
09173
09174
09175
09176
09177
09178
09180
09182
09183
09185
09186
09201
09203
09204
09211
09212
09213
09214
09216
09225
09226
09227
09229
09237
09240
09241
09242
09244
09245
09250
09252
09261
09262
09263
09264
09265
09266
09267
09276
09277
09278
09279
09283
09285
09287
09289
09290
09291
09292
09300
09301
09302
09303
09304
09305
09306
09307
09308
09309
09310
09311
09312
09313
09314
09315
09316
09317
09318
09319
09320
09321
09322
09323
09324
09327
09328
09330
09331
09332
09333
09334
09336
09337
09338
09339
09340
09342
09343
09344
09346
09347
09348
09350
09351
09352
09353
09354
09355
09356
09357
09358
09359
09360
09361
09362
09363
09364
09365
09366
09367
09368
09369
09370
09371
09372
09373
09374
09375
09376
09377
09378
09379
09380
09381
09382
09383
09384
09386
09387
09388
09389
09390
09391
09393
09394
09396
09397
09399
09401
09402
09403
09409
09410
09420
09421
09447
09454
09456
09459
09461
09463
09464
09467
09468
09469
09470
09487
09488
09489
09490
09491
09494
09496
09497
09498
09499
09501
09502
09503
09504
09505
09506
09507
09508
09509
09510
09511
09512
09513
09514
09517
09520
09522
09523
09524
09532
09533
09534
09541
09542
09543
09544
09545
09549
09550
09554
09556
09557
09564
09565
09566
09567
09568
09569
09570
09573
09574
09575
09576
09577
09578
09579
09581
09582
09583
09586
09587
09588
09589
09590
09591
09592
09593
09594
09595
09596
09599
09600
09601
09602
09603
09604
09605
09606
09607
09608
09609
09610
09611
09612
09613
09614
09617
09618
09619
09620
09621
09622
09623
09624
09625
09626
09627
09630
09631
09633
09634
09636
09642
09643
09644
09645
09647
09648
09649
09701
09702
09703
09704
09705
09706
09707
09708
09709
09710
09711
09712
09713
09714
09715
09716
09717
09718
09719
09720
09721
09722
09723
09724
09725
09726
09727
09728
09729
09730
09731
09732
09733
09734
09735
09736
09737
09738
09739
09740
09741
09742
09743
09744
09745
09746
09747
09748
09749
09750
09751
09752
09753
09754
09755
09756
09757
09758
09759
09760
09761
09762
09769
09771
09777
09780
09789
09790
09798
09800
09801
09802
09803
09804
09805
09806
09807
09808
09809
09810
09811
09812
09813
09814
09815
09816
09817
09818
09819
09820
09821
09822
09823
09824
09825
09826
09827
09828
09829
09830
09831
09832
09833
09834
09835
09836
09837
09838
09839
09840
09841
09842
09843
09844
09845
09846
09847
09848
09851
09852
09853
09854
09855
09856
09857
09858
09859
09860
09861
09862
09863
09864
09865
09867
09868
09869
09870
09871
09872
09873
09874
09875
09876
09877
09880
09888
09890
09892
09895
09898
09901
09902
09903
09904
09908
09909
09910
09974
09975
09976
09977
10001
10002
10003
10004
10005
10006
10007
10008
10009
10010
10011
10012
10013
10014
10015
10016
10017
10018
10019
10020
10021
10022
10023
10024
10025
10026
10027
10028
10029
10030
10031
10032
10033
10034
10035
10036
10037
10038
10039
10040
10041
10043
10044
10045
10046
10047
10048
10055
10060
10065
10069
10072
10075
10079
10080
10081
10082
10087
10090
10094
10095
10096
10098
10099
10101
10102
10103
10104
10105
10106
10107
10108
10109
10110
10111
10112
10113
10114
10115
10116
10117
10118
10119
10120
10121
10122
10123
10124
10125
10126
10128
10129
10130
10131
10132
10133
10138
10149
10150
10151
10152
10153
10154
10155
10156
10157
10158
10159
10160
10161
10162
10163
10164
10165
10166
10167
10168
10169
10170
10171
10172
10173
10174
10175
10176
10177
10178
10179
10184
10185
10196
10197
10199
10200
10203
10211
10212
10213
10242
10249
10256
10257
10258
10259
10260
10261
10265
10268
10269
10270
10271
10272
10273
10274
10275
10276
10277
10278
10279
10280
10281
10282
10285
10286
10292
10301
10302
10303
10304
10305
10306
10307
10308
10309
10310
10311
10312
10313
10314
10451
10452
10453
10454
10455
10456
10457
10458
10459
10460
10461
10462
10463
10464
10465
10466
10467
10468
10469
10470
10471
10472
10473
10474
10475
10499
10501
10502
10503
10504
10505
10506
10507
10509
10510
10511
10512
10514
10516
10517
10518
10519
10520
10521
10522
10523
10524
10526
10527
10528
10530
10532
10533
10535
10536
10537
10538
10540
10541
10542
10543
10545
10546
10547
10548
10549
10550
10551
10552
10553
10557
10558
10560
10562
10566
10567
10570
10571
10572
10573
10576
10577
10578
10579
10580
10583
10587
10588
10589
10590
10591
10594
10595
10596
10597
10598
10601
10602
10603
10604
10605
10606
10607
10610
10701
10702
10703
10704
10705
10706
10707
10708
10709
10710
10801
10802
10803
10804
10805
10901
10910
10911
10912
10913
10914
10915
10916
10917
10918
10919
10920
10921
10922
10923
10924
10925
10926
10927
10928
10930
10931
10932
10933
10940
10941
10943
10949
10950
10952
10953
10954
10956
10958
10959
10960
10962
10963
10964
10965
10968
10969
10970
10973
10974
10975
10976
10977
10979
10980
10981
10982
10983
10984
10985
10986
10987
10988
10989
10990
10992
10993
10994
10996
10997
10998
11001
11002
11003
11004
11005
11010
11020
11021
11022
11023
11024
11025
11026
11027
11030
11040
11041
11042
11043
11044
11050
11051
11052
11053
11054
11055
11096
11099
11101
11102
11103
11104
11105
11106
11109
11120
11201
11202
11203
11204
11205
11206
11207
11208
11209
11210
11211
11212
11213
11214
11215
11216
11217
11218
11219
11220
11221
11222
11223
11224
11225
11226
11228
11229
11230
11231
11232
11233
11234
11235
11236
11237
11238
11239
11240
11241
11242
11243
11244
11245
11247
11248
11249
11251
11252
11254
11255
11256
11351
11352
11354
11355
11356
11357
11358
11359
11360
11361
11362
11363
11364
11365
11366
11367
11368
11369
11370
11371
11372
11373
11374
11375
11377
11378
11379
11380
11381
11385
11386
11390
11405
11411
11412
11413
11414
11415
11416
11417
11418
11419
11420
11421
11422
11423
11424
11425
11426
11427
11428
11429
11430
11431
11432
11433
11434
11435
11436
11437
11439
11451
11499
11501
11507
11509
11510
11514
11516
11518
11520
11530
11531
11535
11536
11542
11545
11547
11548
11549
11550
11551
11552
11553
11554
11555
11556
11557
11558
11559
11560
11561
11563
11565
11566
11568
11569
11570
11571
11572
11575
11576
11577
11579
11580
11581
11582
11590
11592
11594
11595
11596
11597
11598
11599
11690
11691
11692
11693
11694
11695
11697
11701
11702
11703
11704
11705
11706
11707
11708
11709
11710
11713
11714
11715
11716
11717
11718
11719
11720
11721
11722
11724
11725
11726
11727
11729
11730
11731
11732
11733
11735
11736
11737
11738
11739
11740
11741
11742
11743
11746
11747
11749
11750
11751
11752
11753
11754
11755
11756
11757
11758
11760
11762
11763
11764
11765
11766
11767
11768
11769
11770
11771
11772
11773
11774
11775
11776
11777
11778
11779
11780
11782
11783
11784
11786
11787
11788
11789
11790
11791
11792
11793
11794
11795
11796
11797
11798
11801
11802
11803
11804
11815
11819
11853
11854
11855
11901
11930
11931
11932
11933
11934
11935
11937
11939
11940
11941
11942
11944
11946
11947
11948
11949
11950
11951
11952
11953
11954
11955
11956
11957
11958
11959
11960
11961
11962
11963
11964
11965
11967
11968
11969
11970
11971
11972
11973
11975
11976
11977
11978
11980
12007
12008
12009
12010
12015
12016
12017
12018
12019
12020
12022
12023
12024
12025
12027
12028
12029
12031
12032
12033
12035
12036
12037
12040
12041
12042
12043
12045
12046
12047
12050
12051
12052
12053
12054
12055
12056
12057
12058
12059
12060
12061
12062
12063
12064
12065
12066
12067
12068
12069
12070
12071
12072
12073
12074
12075
12076
12077
12078
12082
12083
12084
12085
12086
12087
12089
12090
12092
12093
12094
12095
12106
12107
12108
12110
12115
12116
12117
12118
12120
12121
12122
12123
12124
12125
12128
12130
12131
12132
12133
12134
12136
12137
12138
12139
12140
12141
12143
12144
12147
12148
12149
12150
12151
12153
12154
12155
12156
12157
12158
12159
12160
12161
12164
12165
12166
12167
12168
12169
12170
12172
12173
12174
12175
12176
12177
12180
12181
12182
12183
12184
12185
12186
12187
12188
12189
12190
12192
12193
12194
12195
12196
12197
12198
12201
12202
12203
12204
12205
12206
12207
12208
12209
12210
12211
12212
12214
12220
12222
12223
12224
12225
12226
12227
12228
12229
12230
12231
12232
12233
12234
12235
12236
12237
12238
12239
12240
12241
12242
12243
12244
12245
12246
12247
12248
12249
12250
12252
12255
12256
12257
12260
12261
12288
12301
12302
12303
12304
12305
12306
12307
12308
12309
12325
12345
12401
12402
12404
12405
12406
12407
12409
12410
12411
12412
12413
12414
12416
12417
12418
12419
12420
12421
12422
12423
12424
12427
12428
12429
12430
12431
12432
12433
12434
12435
12436
12438
12439
12440
12441
12442
12443
12444
12446
12448
12449
12450
12451
12452
12453
12454
12455
12456
12457
12458
12459
12460
12461
12463
12464
12465
12466
12468
12469
12470
12471
12472
12473
12474
12475
12477
12480
12481
12482
12483
12484
12485
12486
12487
12489
12490
12491
12492
12493
12494
12495
12496
12498
12501
12502
12503
12504
12506
12507
12508
12510
12511
12512
12513
12514
12515
12516
12517
12518
12520
12521
12522
12523
12524
12525
12526
12527
12528
12529
12530
12531
12533
12534
12537
12538
12540
12541
12542
12543
12544
12545
12546
12547
12548
12549
12550
12551
12552
12553
12555
12561
12563
12564
12565
12566
12567
12568
12569
12570
12571
12572
12574
12575
12577
12578
12580
12581
12582
12583
12584
12585
12586
12588
12589
12590
12592
12593
12594
12601
12602
12603
12604
12701
12719
12720
12721
12722
12723
12724
12725
12726
12727
12729
12732
12733
12734
12736
12737
12738
12740
12741
12742
12743
12745
12746
12747
12748
12749
12750
12751
12752
12754
12758
12759
12760
12762
12763
12764
12765
12766
12767
12768
12769
12770
12771
12775
12776
12777
12778
12779
12780
12781
12783
12784
12785
12786
12787
12788
12789
12790
12791
12792
12801
12803
12804
12808
12809
12810
12811
12812
12814
12815
12816
12817
12819
12820
12821
12822
12823
12824
12827
12828
12831
12832
12833
12834
12835
12836
12837
12838
12839
12841
12842
12843
12844
12845
12846
12847
12848
12849
12850
12851
12852
12853
12854
12855
12856
12857
12858
12859
12860
12861
12862
12863
12864
12865
12866
12870
12871
12872
12873
12874
12878
12879
12883
12884
12885
12886
12887
12901
12903
12910
12911
12912
12913
12914
12915
12916
12917
12918
12919
12920
12921
12922
12923
12924
12926
12927
12928
12929
12930
12932
12933
12934
12935
12936
12937
12939
12941
12942
12943
12944
12945
12946
12949
12950
12952
12953
12955
12956
12957
12958
12959
12960
12961
12962
12964
12965
12966
12967
12969
12970
12972
12973
12974
12975
12976
12977
12978
12979
12980
12981
12983
12985
12986
12987
12989
12992
12993
12995
12996
12997
12998
13020
13021
13022
13024
13026
13027
13028
13029
13030
13031
13032
13033
13034
13035
13036
13037
13039
13040
13041
13042
13043
13044
13045
13051
13052
13053
13054
13056
13057
13060
13061
13062
13063
13064
13065
13066
13068
13069
13071
13072
13073
13074
13076
13077
13078
13080
13081
13082
13083
13084
13087
13088
13089
13090
13092
13093
13101
13102
13103
13104
13107
13108
13110
13111
13112
13113
13114
13115
13116
13117
13118
13119
13120
13121
13122
13123
13124
13126
13131
13132
13134
13135
13136
13137
13138
13139
13140
13141
13142
13143
13144
13145
13146
13147
13148
13152
13153
13154
13155
13156
13157
13158
13159
13160
13162
13163
13164
13165
13166
13167
13201
13202
13203
13204
13205
13206
13207
13208
13209
13210
13211
13212
13214
13215
13217
13218
13219
13220
13221
13224
13225
13235
13244
13250
13251
13252
13261
13290
13301
13302
13303
13304
13305
13308
13309
13310
13312
13313
13314
13315
13316
13317
13318
13319
13320
13321
13322
13323
13324
13325
13326
13327
13328
13329
13331
13332
13333
13334
13335
13337
13338
13339
13340
13341
13342
13343
13345
13346
13348
13350
13352
13353
13354
13355
13357
13360
13361
13362
13363
13364
13365
13367
13368
13401
13402
13403
13404
13406
13407
13408
13409
13410
13411
13413
13415
13416
13417
13418
13420
13421
13424
13425
13426
13428
13431
13433
13435
13436
13437
13438
13439
13440
13441
13442
13449
13450
13452
13454
13455
13456
13457
13459
13460
13461
13464
13465
13468
13469
13470
13471
13472
13473
13475
13476
13477
13478
13479
13480
13482
13483
13484
13485
13486
13488
13489
13490
13491
13492
13493
13494
13495
13501
13502
13503
13504
13505
13599
13601
13602
13603
13605
13606
13607
13608
13611
13612
13613
13614
13615
13616
13617
13618
13619
13620
13621
13622
13623
13624
13625
13626
13627
13628
13630
13631
13632
13633
13634
13635
13636
13637
13638
13639
13640
13641
13642
13643
13645
13646
13647
13648
13649
13650
13651
13652
13654
13655
13656
13657
13658
13659
13660
13661
13662
13664
13665
13666
13667
13668
13669
13670
13671
13672
13673
13674
13675
13676
13677
13678
13679
13680
13681
13682
13683
13684
13685
13687
13690
13691
13692
13693
13694
13695
13696
13697
13699
13730
13731
13732
13733
13734
13736
13737
13738
13739
13740
13743
13744
13745
13746
13747
13748
13749
13750
13751
13752
13753
13754
13755
13756
13757
13758
13760
13761
13762
13763
13774
13775
13776
13777
13778
13780
13782
13783
13784
13786
13787
13788
13790
13794
13795
13796
13797
13801
13802
13803
13804
13806
13807
13808
13809
13810
13811
13812
13813
13814
13815
13820
13825
13826
13827
13830
13832
13833
13834
13835
13837
13838
13839
13840
13841
13842
13843
13844
13845
13846
13847
13848
13849
13850
13851
13856
13859
13860
13861
13862
13863
13864
13865
13901
13902
13903
13904
13905
14001
14004
14005
14006
14008
14009
14010
14011
14012
14013
14020
14021
14024
14025
14026
14027
14028
14029
14030
14031
14032
14033
14034
14035
14036
14037
14038
14039
14040
14041
14042
14043
14047
14048
14051
14052
14054
14055
14056
14057
14058
14059
14060
14061
14062
14063
14065
14066
14067
14068
14069
14070
14072
14075
14080
14081
14082
14083
14085
14086
14091
14092
14094
14095
14098
14101
14102
14103
14105
14107
14108
14109
14110
14111
14112
14113
14120
14125
14126
14127
14129
14130
14131
14132
14133
14134
14135
14136
14138
14139
14140
14141
14143
14144
14145
14150
14151
14166
14167
14168
14169
14170
14171
14172
14173
14174
14201
14202
14203
14204
14205
14206
14207
14208
14209
14210
14211
14212
14213
14214
14215
14216
14217
14218
14219
14220
14221
14222
14223
14224
14225
14226
14227
14228
14231
14233
14240
14241
14260
14261
14263
14264
14265
14267
14269
14270
14272
14273
14276
14280
14301
14302
14303
14304
14305
14410
14411
14413
14414
14415
14416
14418
14420
14422
14423
14424
14425
14427
14428
14429
14430
14432
14433
14435
14437
14441
14443
14445
14449
14450
14452
14453
14454
14456
14461
14462
14463
14464
14466
14467
14468
14469
14470
14471
14472
14475
14476
14477
14478
14479
14480
14481
14482
14485
14486
14487
14488
14489
14502
14504
14505
14506
14507
14508
14510
14511
14512
14513
14514
14515
14516
14517
14518
14519
14520
14521
14522
14525
14526
14527
14529
14530
14532
14533
14534
14536
14537
14538
14539
14541
14542
14543
14544
14545
14546
14547
14548
14549
14550
14551
14555
14556
14557
14558
14559
14560
14561
14563
14564
14568
14569
14571
14572
14580
14585
14586
14588
14589
14590
14591
14592
14602
14603
14604
14605
14606
14607
14608
14609
14610
14611
14612
14613
14614
14615
14616
14617
14618
14619
14620
14621
14622
14623
14624
14625
14626
14627
14638
14639
14642
14643
14644
14645
14646
14647
14649
14650
14651
14652
14653
14664
14673
14683
14692
14694
14701
14702
14706
14707
14708
14709
14710
14711
14712
14714
14715
14716
14717
14718
14719
14720
14721
14722
14723
14724
14726
14727
14728
14729
14730
14731
14732
14733
14735
14736
14737
14738
14739
14740
14741
14742
14743
14744
14745
14747
14748
14750
14751
14752
14753
14754
14755
14756
14757
14758
14760
14766
14767
14769
14770
14772
14774
14775
14777
14778
14779
14781
14782
14783
14784
14785
14786
14787
14788
14801
14802
14803
14804
14805
14806
14807
14808
14809
14810
14812
14813
14814
14815
14816
14817
14818
14819
14820
14821
14822
14823
14824
14825
14826
14827
14830
14831
14836
14837
14838
14839
14840
14841
14842
14843
14845
14846
14847
14850
14851
14852
14853
14854
14855
14856
14857
14858
14859
14860
14861
14863
14864
14865
14867
14869
14870
14871
14872
14873
14874
14876
14877
14878
14879
14880
14881
14882
14883
14884
14885
14886
14887
14889
14891
14892
14893
14894
14895
14897
14898
14901
14902
14903
14904
14905
14925
15001
15003
15004
15005
15006
15007
15009
15010
15012
15014
15015
15017
15018
15019
15020
15021
15022
15024
15025
15026
15027
15028
15030
15031
15032
15033
15034
15035
15037
15038
15042
15043
15044
15045
15046
15047
15049
15050
15051
15052
15053
15054
15055
15056
15057
15059
15060
15061
15062
15063
15064
15065
15066
15067
15068
15069
15071
15072
15074
15075
15076
15077
15078
15081
15082
15083
15084
15085
15086
15087
15088
15089
15090
15091
15095
15096
15101
15102
15104
15106
15108
15110
15112
15116
15120
15122
15123
15126
15127
15129
15131
15132
15133
15134
15135
15136
15137
15139
15140
15142
15143
15144
15145
15146
15147
15148
15201
15202
15203
15204
15205
15206
15207
15208
15209
15210
15211
15212
15213
15214
15215
15216
15217
15218
15219
15220
15221
15222
15223
15224
15225
15226
15227
15228
15229
15230
15231
15232
15233
15234
15235
15236
15237
15238
15239
15240
15241
15242
15243
15244
15250
15251
15252
15253
15254
15255
15257
15258
15259
15260
15261
15262
15263
15264
15265
15266
15267
15268
15270
15272
15273
15274
15275
15276
15277
15278
15279
15281
15282
15283
15285
15286
15288
15289
15290
15295
15301
15310
15311
15312
15313
15314
15315
15316
15317
15320
15321
15322
15323
15324
15325
15327
15329
15330
15331
15332
15333
15334
15336
15337
15338
15339
15340
15341
15342
15344
15345
15346
15347
15348
15349
15350
15351
15352
15353
15357
15358
15359
15360
15361
15362
15363
15364
15365
15366
15367
15368
15370
15376
15377
15378
15379
15380
15401
15410
15411
15412
15413
15415
15416
15417
15419
15420
15421
15422
15423
15424
15425
15427
15428
15429
15430
15431
15432
15433
15434
15435
15436
15437
15438
15439
15440
15442
15443
15444
15445
15446
15447
15448
15449
15450
15451
15454
15455
15456
15458
15459
15460
15461
15462
15463
15464
15465
15466
15467
15468
15469
15470
15472
15473
15474
15475
15476
15477
15478
15479
15480
15482
15483
15484
15485
15486
15488
15489
15490
15492
15501
15502
15510
15520
15521
15522
15530
15531
15532
15533
15534
15535
15536
15537
15538
15539
15540
15541
15542
15544
15545
15546
15547
15548
15549
15550
15551
15552
15553
15554
15555
15557
15558
15559
15560
15561
15562
15563
15564
15565
15601
15605
15606
15610
15611
15612
15613
15615
15616
15617
15618
15619
15620
15621
15622
15623
15624
15625
15626
15627
15628
15629
15631
15632
15633
15634
15635
15636
15637
15638
15639
15640
15641
15642
15644
15646
15647
15650
15655
15656
15658
15660
15661
15662
15663
15664
15665
15666
15668
15670
15671
15672
15673
15674
15675
15676
15677
15678
15679
15680
15681
15682
15683
15684
15685
15686
15687
15688
15689
15690
15691
15692
15693
15695
15696
15697
15698
15701
15705
15710
15711
15712
15713
15714
15715
15716
15717
15720
15721
15722
15723
15724
15725
15727
15728
15729
15730
15731
15732
15733
15734
15736
15737
15738
15739
15740
15741
15742
15744
15745
15746
15747
15748
15750
15752
15753
15754
15756
15757
15758
15759
15760
15761
15762
15763
15764
15765
15767
15770
15771
15772
15773
15774
15775
15776
15777
15778
15779
15780
15781
15783
15784
15801
15821
15822
15823
15824
15825
15827
15828
15829
15831
15832
15834
15840
15841
15845
15846
15847
15848
15849
15851
15853
15856
15857
15860
15861
15863
15864
15865
15866
15868
15870
15901
15902
15904
15905
15906
15907
15909
15915
15920
15921
15922
15923
15924
15925
15926
15927
15928
15929
15930
15931
15934
15935
15936
15937
15938
15940
15942
15943
15944
15945
15946
15948
15949
15951
15952
15953
15954
15955
15956
15957
15958
16670
16671
16672
16673
16674
16675
16677
16678
16679
16680
16681
16682
16683
16684
16685
16686
16689
16691
16692
16693
16694
16695
16698
16699
16701
16720
16724
16725
16726
16727
16728
16729
16730
16731
16732
16733
16734
16735
16738
16740
16743
16744
16745
16746
16748
16749
16750
16801
16802
16803
16804
16805
16820
16821
16822
16823
16825
16826
16827
16828
16829
16830
16832
16833
16834
16835
16836
16837
16838
16839
16840
16841
16843
16844
16845
16847
16848
16849
16850
16851
16852
16853
16854
16855
16856
16858
16859
16860
16861
16863
16864
16865
16866
16868
16870
16871
16872
16873
16874
16875
16876
16877
16878
16879
16881
16882
16901
16910
16911
16912
16914
16915
16917
16918
16920
16921
16922
16923
16925
16926
16927
16928
16929
16930
16932
16933
16935
16936
16937
16938
16939
16940
16941
16942
16943
16945
16946
16947
16948
16950
17001
17002
17003
17004
17005
17006
17007
17008
17009
17010
17011
17012
17013
17014
17015
17016
17017
17018
17019
17020
17021
17022
17023
17024
17025
17026
17027
17028
17029
17030
17032
17033
17034
17035
17036
17037
17038
17039
17040
17041
17042
17043
17044
17045
17046
17047
17048
17049
17050
17051
17052
17053
17054
17055
17056
17057
17058
17059
17060
17061
17062
17063
17064
17065
17066
17067
17068
17069
17070
17071
17072
17073
17074
17075
17076
17077
17078
17080
17081
17082
17083
17084
17085
17086
17087
17088
17089
17090
17091
17093
17094
17097
17098
17099
17101
17102
17103
17104
17105
17106
17107
17108
17109
17110
17111
17112
17113
17120
17121
17122
17123
17124
17125
17126
17127
17128
17129
17130
17140
17177
17201
17202
17210
17211
17212
17213
17214
17215
17217
17219
17220
17221
17222
17223
17224
17225
17228
17229
17231
17232
17233
17235
17236
17237
17238
17239
17240
17241
17243
17244
17246
17247
17249
17250
17251
17252
17253
17254
17255
17256
17257
17260
17261
17262
17263
17264
17265
17266
17267
17268
17270
17271
17272
17301
17302
17303
17304
17306
17307
17309
17310
17311
17312
17313
17314
17315
17316
17317
17318
17319
17320
17321
17322
17323
17324
17325
17326
17327
17329
17331
17332
17333
17334
17335
17337
17339
17340
17342
17343
17344
17345
17347
17349
17350
17352
17353
17354
17355
17356
17358
17360
17361
17362
17363
17364
17365
17366
17368
17370
17371
17372
17375
17401
17402
17403
17404
17405
17406
17407
17408
17415
17501
17502
17503
17504
17505
17506
17507
17508
17509
17512
17516
17517
17518
17519
17520
17521
17522
17527
17528
17529
17532
17533
17534
17535
17536
17537
17538
17540
17543
17545
17547
17549
17550
17551
17552
17554
17555
17557
17560
17562
17563
17564
17565
17566
17567
17568
17569
17570
17572
17573
17575
17576
17578
20016
20017
20018
20019
20020
20022
20023
20024
20026
20027
20029
20030
20032
20033
20035
20036
20037
20038
20039
20040
20041
20042
20043
20044
20045
20046
20047
20049
20050
20051
20052
20053
20055
20056
20057
20058
20059
20060
20061
20062
20063
20064
20065
20066
20067
20068
20069
20070
20071
20073
20074
20075
20076
20077
20078
20080
20081
20082
20088
20090
20091
20097
20098
20101
20102
20103
20104
20105
20106
20107
20108
20109
20110
20111
20112
20113
20115
20116
20117
20118
20119
20120
20121
20122
20124
20128
20129
20130
20131
20132
20134
20135
20136
20137
20138
20139
20140
20141
20142
20143
20144
20146
20147
20148
20149
20151
20152
20153
20155
20156
20158
20159
20160
20163
20164
20165
20166
20167
20168
20169
20170
20171
20172
20175
20176
20177
20178
20180
20181
20182
20184
20185
20186
20187
20188
20189
20190
20191
20192
20193
20194
20195
20196
20197
20198
20199
20201
20202
20203
20204
20206
20207
20208
20210
20211
20212
20213
20214
20215
20216
20217
20218
20219
20220
20221
20222
20223
20224
20226
20227
20228
20229
20230
20232
20233
20235
20237
20238
20239
20240
20241
20242
20244
20245
20250
20251
20252
20254
20260
20261
20262
20265
20266
20268
20270
20277
20289
20299
20301
20303
20306
20307
20310
20314
20317
20318
20319
20330
20340
20350
20355
20370
20372
20373
20374
20375
20376
20380
20388
20389
20390
20391
20392
20393
20394
20395
20398
20401
20402
20403
20404
20405
20406
20407
20408
20409
20410
20411
20412
20413
20414
20415
20416
20417
20418
20419
20420
20421
20422
20423
20424
20425
20426
20427
20428
20429
20431
20433
20434
20435
20436
20437
20439
20440
20441
20442
20444
20447
20451
20453
20456
20460
20463
20468
20469
20470
20472
20500
20501
20502
20503
20504
20505
20506
20507
20508
20509
20510
20511
20515
20520
20521
20522
20523
20524
20525
20526
20527
20528
20529
20530
20531
20532
20533
20534
20535
20536
20537
20538
20539
20540
20541
20542
20543
20544
20546
20547
20548
20549
20551
20552
20553
20554
20555
20557
20558
20559
20560
20565
20566
20570
20571
20572
20573
20575
20576
20577
20578
20579
20580
20581
20585
20586
20588
20590
20591
20593
20594
20597
20598
20599
20601
20602
20603
20604
20606
20607
20608
20609
20610
20611
20612
20613
20615
20616
20617
20618
20619
20620
20621
20622
20623
20624
20625
20626
20627
20628
20629
20630
20632
20634
20635
20636
20637
20639
20640
20643
20645
20646
20650
20653
20656
20657
20658
20659
20660
20661
20662
20664
20667
20670
20674
20675
20676
20677
20678
20680
20682
20684
20685
20686
20687
20688
20689
20690
20692
20693
20695
20697
20701
20703
20704
20705
20706
20707
20708
20709
20710
20711
20712
20714
20715
20716
20717
20718
20719
20720
20721
20722
20723
20724
20725
20726
20731
20732
20733
20735
20736
20737
20738
20740
20741
20742
20743
20744
20745
20746
20747
20748
20749
20750
20751
20752
20753
20754
20755
20757
20758
20759
20762
20763
20764
20765
20768
20769
20770
20771
20772
20773
20774
20775
20776
20777
20778
20779
20781
20782
20783
20784
20785
20787
20788
20790
20791
20792
20794
20797
20799
20810
20811
20812
20813
20814
20815
20816
20817
20818
20824
20825
20827
20830
20832
20833
20837
20838
20839
20841
20842
20847
20848
20849
20850
20851
20852
20853
20854
20855
20857
20859
20860
20861
20862
20866
20868
20871
20872
20874
20875
20876
20877
20878
20879
20880
20882
20883
20884
20885
20886
20889
20891
20892
20894
20895
20896
20897
20898
20899
20901
20902
20903
20904
20905
20906
20907
20908
20910
20911
20912
20913
20914
20915
20916
20918
20993
20997
21001
21005
21009
21010
21012
21013
21014
21015
21017
21018
21020
21022
21023
21027
21028
21029
21030
21031
21032
21034
21035
21036
21037
21040
21041
21042
21043
21044
21045
21046
21047
21048
21050
21051
21052
21053
21054
21056
21057
21060
21061
21062
21065
21071
21074
21075
21076
21077
21078
21082
21084
21085
21087
21088
21090
21092
21093
21094
21098
21102
21104
21105
21106
21108
21111
21113
21114
21117
21120
21122
21123
21128
21130
21131
21132
21133
21136
21139
21140
21144
21146
21150
21152
21153
21154
21155
21156
21157
21158
21160
21161
21162
21163
21201
21202
21203
21204
21205
21206
21207
21208
21209
21210
21211
21212
21213
21214
21215
21216
21217
21218
21219
21220
21221
21222
21223
21224
21225
21226
21227
21228
21229
21230
21231
21233
21234
21235
21236
21237
21239
21240
21241
21244
21250
21251
21252
21260
21261
21263
21264
21265
21268
21270
21273
21274
21275
21278
21279
21280
21281
21282
21283
21284
21285
21286
21287
21288
21289
21290
21297
21298
21401
21402
21403
21404
21405
21409
21411
21412
21501
21502
21503
21504
21505
21520
21521
21522
21523
21524
21528
21529
21530
21531
21532
21536
21538
21539
21540
21541
21542
21543
21545
21550
21555
21556
21557
21560
21561
21562
21601
21606
21607
21609
21610
21612
21613
21617
21619
21620
21622
21623
21624
21625
21626
21627
21628
21629
21631
21632
21634
21635
21636
21638
21639
21640
21641
21643
21644
21645
21647
21648
21649
21650
21651
21652
21653
21654
21655
21656
21657
21658
21659
21660
21661
21662
21663
21664
21665
21666
21667
21668
21669
21670
21671
21672
21673
21675
21676
21677
21678
21679
21681
21682
21683
21684
21685
21686
21687
21688
21690
21701
21702
21703
21704
21705
21709
21710
21711
21713
21714
21715
21716
21717
21718
21719
21720
21721
21722
21723
21727
21733
21734
21737
21738
21740
21741
21742
21746
21747
21748
21749
21750
21754
21755
21756
21757
21758
21759
21762
21765
21766
21767
21769
21770
21771
21773
21774
21775
21776
21777
21778
21779
21780
21781
21782
21783
21784
21787
21788
21790
21791
21792
21793
21794
21795
21797
21798
21801
21802
21803
21804
21810
21811
21813
21814
21817
21821
21822
21824
21826
21829
21830
21835
21836
21837
21838
21840
21841
21842
21843
21849
21850
21851
21852
21853
21856
21857
21861
21862
21863
21864
21865
21866
21867
21869
21871
21872
21874
21875
21890
21901
21902
21903
21904
21911
21912
21913
21914
21915
21916
21917
21918
21919
21920
21921
21922
21930
22003
22009
22015
22025
22026
22027
22030
22031
22032
22033
22034
22035
22036
22037
22038
22039
22040
22041
22042
22043
22044
22046
22047
22060
22066
22067
22079
22081
22082
22092
22093
22095
22096
22101
22102
22103
22106
22107
22108
22109
22116
22118
22119
22120
22121
22122
22124
22125
22134
22135
22150
22151
22152
22153
22156
22158
22159
22160
22161
22172
22180
22181
22182
22183
22184
22185
22191
22192
22193
22194
22195
22199
22201
22202
22203
22204
22205
22206
22207
22209
22210
22211
22212
22213
22214
22215
22216
22217
22218
22219
22222
22223
22225
22226
22227
22229
22230
22234
22240
22241
22242
22243
22244
22245
22246
22301
22302
22303
22304
22305
22306
22307
22308
22309
22310
22311
22312
22313
22314
22315
22320
22321
22331
22332
22333
22334
22336
22350
22401
22402
22403
22404
22405
22406
22407
22408
22412
22427
22428
22430
22432
22433
22435
22436
22437
22438
22442
22443
22446
22448
22451
22454
22456
22460
22463
22469
22471
22472
22473
22476
22480
22481
22482
22485
22488
22501
22503
22504
22507
22508
22509
22511
22513
22514
22517
22520
22523
22524
22526
22528
22529
22530
22534
22535
22538
22539
22542
22544
22545
22546
22547
22548
22551
22552
22553
22554
22555
22556
22558
22560
22565
22567
22570
22572
22576
22577
22578
22579
22580
22581
22601
22602
22603
22604
22610
22611
22620
22622
22623
22624
22625
22626
22627
22630
22637
22639
22640
22641
22642
22643
22644
22645
22646
22649
22650
22652
22654
22655
22656
22657
22660
22663
22664
22701
22709
22711
22712
22713
22714
22715
22716
22718
22719
22720
22721
22722
22723
22724
22725
22726
22727
22728
22729
22730
22731
22732
22733
22734
22735
22736
22737
22738
22739
22740
22741
22742
22743
22746
22747
22748
22749
22801
22802
22803
22807
22810
22811
22812
22815
22820
22821
22824
22827
22830
22831
22832
22833
22834
22835
22840
22841
22842
22843
22844
22845
22846
22847
22848
22849
22850
22851
22853
22901
22902
22903
22904
22905
22906
22907
22908
22909
22910
22911
22920
22922
22923
22924
22931
22932
22935
22936
22937
22938
22939
22940
22942
22943
22945
22946
22947
22948
22949
22952
22957
22958
22959
22960
22963
22964
22965
22967
22968
22969
22971
22972
22973
22974
22976
22980
22987
22989
23001
23002
23003
23004
23005
23009
23011
23014
23015
23018
23021
23022
23023
23024
23025
23027
23030
23031
23032
23035
23038
23039
23040
23043
23045
23047
23050
23055
23056
23058
23059
23060
23061
23062
23063
23064
23065
23066
23067
23068
23069
23070
23071
23072
23075
23076
23079
23081
23083
23084
23085
23086
23089
23090
23091
23092
23093
23101
23102
23103
23105
23106
23107
23108
23109
23110
23111
23112
23113
23114
23115
23116
23117
23119
23120
23123
23124
23125
23126
23127
23128
23129
23130
23131
23138
23139
23140
23141
23146
23147
23148
23149
23150
23153
23154
23155
23156
23160
23161
23162
23163
23168
23169
23170
23173
23175
23176
23177
23178
23180
23181
23183
23184
23185
23186
23187
23188
23190
23192
23218
23219
23220
23221
23222
23223
23224
23225
23226
23227
23228
23229
23230
23231
23232
23233
23234
23235
23236
23237
23238
23240
23241
23242
23249
23250
23255
23260
23261
23269
23273
23274
23276
23278
23279
23282
23284
23285
23286
23288
23289
23290
23291
23292
23293
23294
23295
23297
23298
23301
23302
23303
23304
23306
23307
23308
23310
23313
23314
23315
23316
23320
23321
23322
23323
23324
23325
23326
23327
23328
23336
23337
23341
23345
23347
23350
23354
23356
23357
23358
23359
23389
23395
23396
23397
23398
23399
23401
23404
23405
23407
23408
23409
23410
23412
23413
23414
23415
23416
23417
23418
23419
23420
23421
23422
23423
23424
23426
23427
23429
23430
23431
23432
23433
23434
23435
23436
23437
23438
23439
23440
23441
23442
23443
23450
23451
23452
23453
23454
23455
23456
23457
23458
23459
23460
23461
23462
23463
23464
23465
23466
23467
23471
23479
23480
23482
23483
23486
23487
23488
23501
23502
23503
23504
23505
23506
23507
23508
23509
23510
23511
23512
23513
23514
23515
23517
23518
23519
23520
23521
23523
23529
23541
23551
23601
23602
23603
23604
23605
23606
23607
23608
23609
23612
23628
23630
23651
23661
23662
23663
23664
23665
23666
23667
23668
23669
23670
23681
23690
23691
23692
23693
23694
23696
23701
23702
23703
23704
23705
23707
23708
23709
23801
23803
23804
23805
23806
23821
23822
23824
23825
23827
23828
23829
23830
23831
23832
23833
23834
23836
23837
23838
23839
23840
23841
23842
23843
23844
23845
23846
23847
23850
23851
23856
23857
23860
23866
23867
23868
23870
23872
23873
23874
23875
23876
23878
23879
23881
23882
23883
23884
23885
23887
23888
23889
23890
23891
23893
23894
23897
23898
23899
23901
23909
23915
23917
23919
23920
23921
23922
23923
23924
23927
23930
23934
23936
23937
23938
23939
23941
23942
23943
23944
23947
23950
23952
23954
23955
23958
23959
23960
23962
23963
23964
23966
23967
23968
23970
23974
23976
24001
24002
24003
24004
24005
24006
24007
24008
24009
24010
24011
24012
24013
24014
24015
24016
24017
24018
24019
24020
24022
24023
24024
24025
24026
24027
24028
24029
24030
24031
24032
24033
24034
24035
24036
24037
24038
24040
24042
24043
24044
24045
24048
24050
24053
24054
24055
24058
24059
24060
24061
24062
24063
24064
24065
24066
24067
24068
24069
24070
24072
24073
24076
24077
24078
24079
24082
24083
24084
24085
24086
24087
24088
24089
24090
24091
24092
24093
24095
24101
24102
24104
24105
24111
24112
24113
24114
24115
24120
24121
24122
24124
24126
24127
24128
24129
24130
24131
24132
24133
24134
24136
24137
24138
24139
24141
24142
24143
24146
24147
24148
24149
24150
24151
24153
24155
24157
24161
24162
24165
24167
24168
24171
24174
24175
24176
24177
24178
24179
24184
24185
24201
24202
24203
24205
24209
24210
24211
24212
24215
24216
24217
24218
24219
24220
24221
24224
24225
24226
24228
24230
24236
24237
24239
24243
24244
24245
24246
24248
24250
24251
24256
24258
24260
24263
24265
24266
24269
24270
24271
24272
24273
24277
24279
24280
24281
24282
24283
24290
24292
24293
24301
24311
24312
24313
24314
24315
24316
24317
24318
24319
24322
24323
24324
24325
24326
24327
24328
24330
24333
24340
24343
24347
24348
24350
24351
24352
24354
24360
24361
24363
24366
24368
24370
24374
24375
24377
24378
24380
24381
24382
24401
24402
24411
24412
24413
24415
24416
24421
24422
24426
24430
24431
24432
24433
24435
24437
24438
24439
24440
24441
24442
24445
24448
24450
24457
24458
24459
24460
24463
24464
24465
24467
24468
24469
24471
24472
24473
24474
24476
24477
24479
24482
24483
24484
24485
24486
24487
24501
24502
24503
24504
24505
24506
24512
24513
24514
24515
24517
24520
24521
24522
24523
24526
24527
24528
24529
24530
24531
24533
24534
24535
24536
24538
24539
24540
24541
24543
24544
24549
24550
24551
24553
24554
24555
24556
24557
24558
24562
24563
24565
24566
24569
24570
24571
24572
24574
24576
24577
24578
24579
24580
24581
24586
24588
24589
24590
24592
24593
24594
24595
24597
24598
24599
24601
24602
24603
24604
24605
24606
24607
24608
24609
24612
24613
24614
24619
24620
24622
24624
24627
24628
24630
24631
24634
24635
24637
24639
24640
24641
24646
24647
24649
24651
24656
24657
24658
24701
24712
24714
24715
24716
24719
24724
24726
24729
24731
24732
24733
24736
24737
24738
24739
24740
24747
24751
24801
24808
24811
24813
24815
24816
24817
24818
24822
24823
24826
24827
24828
24829
24830
24831
24834
24836
24839
24842
24843
24844
24845
24846
24847
24848
24849
24850
24851
24853
24854
24855
24857
24859
24860
24861
24862
24866
24867
24868
24869
24870
24871
24872
24873
24874
24878
24879
24880
24881
24882
24884
24887
24888
24892
24894
24895
24898
24901
24902
24910
24915
24916
24918
24920
24924
24925
24927
24931
24934
24935
24938
24941
24943
24944
24945
24946
24951
24954
24957
24961
24962
24963
24966
24970
24974
24976
24977
24981
24983
24984
24985
24986
24991
24993
25002
25003
25005
25007
25008
25009
25011
25015
25019
25021
25022
25024
25025
25026
25028
25030
25031
25033
25035
25036
25039
25040
25043
25044
25045
25047
25048
25049
25051
25053
25054
25057
25059
25060
25061
25062
25063
25064
25067
25070
25071
25075
25076
25079
25081
25082
25083
25085
25086
25088
25090
25093
25102
25103
25106
25107
25108
25109
25110
25111
25112
25113
25114
25115
25118
25119
25121
25123
25124
25125
25126
25130
25132
25133
25134
25136
25139
25140
25141
25142
25143
25148
25149
25152
25154
25156
25159
25160
25161
25162
25164
25165
25168
25169
25173
25174
25177
25180
25181
25183
25185
25186
25187
25193
25201
25202
25203
25204
25205
25206
25208
25209
25211
25213
25214
25231
25234
25235
25239
25241
25243
25244
25245
25247
25248
25251
25252
25253
25259
25260
25261
25262
25264
25265
25266
25267
25268
25270
25271
25275
25276
25285
25286
25287
25301
25302
25303
25304
25305
25306
25309
25311
25312
25313
25314
25315
25317
25320
25321
25322
25323
25324
25325
25326
25327
25328
25329
25330
25331
25332
25333
25334
25335
25336
25337
25338
25339
25350
25356
25357
25358
25360
25361
25362
25364
25365
25375
25387
25389
25392
25396
25401
25402
25403
25404
25405
25410
25411
25413
25414
25419
25420
25421
25422
25423
25425
25427
25428
25429
25430
25431
25432
25434
25437
25438
25440
25441
25442
25443
25444
25446
25501
25502
25503
25504
25505
25506
25507
25508
25510
25511
25512
25514
25515
25517
25520
25521
25523
25524
25526
25529
25530
25534
25535
25537
25540
25541
25544
25545
25547
25550
25555
25557
25559
25560
25562
25564
25565
25567
25569
25570
25571
25572
25573
25601
25606
25607
25608
25611
25612
25614
25617
25621
25624
25625
25628
25630
25632
25634
25635
25637
25638
25639
25644
25646
25647
25649
25650
25651
25652
25653
25654
25661
25665
25666
25667
25669
25670
25671
25672
25674
25676
25678
25685
25686
25688
25690
25691
25692
25696
25699
25701
25702
25703
25704
25705
25706
25707
25708
25709
25710
25711
25712
25713
25714
25715
25716
25717
25718
25719
25720
25721
25722
25723
25724
25725
25726
25727
25728
25729
25755
25770
25771
25772
25773
25774
25775
25776
25777
25778
25779
25801
25802
25810
25811
25812
25813
25817
25818
25820
25823
25825
25826
25827
25831
25832
25833
25836
25837
25839
25840
25841
25843
25844
25845
25846
25848
25849
25851
25853
25854
25855
25857
25860
25862
25864
25865
25866
25868
25870
25871
25873
25875
25876
25878
25879
25880
25882
25888
25901
25902
25904
25906
25907
25908
25909
25911
25913
25915
25916
25917
25918
25919
25920
25921
25922
25926
25927
25928
25932
25936
25938
25942
25943
25951
25958
25962
25965
25966
25969
25971
25972
25976
25977
25978
25979
25981
25984
25985
25986
25989
26003
26030
26031
26032
26033
26034
26035
26036
26037
26038
26039
26040
26041
26047
26050
26055
26056
26058
26059
26060
26062
26070
26074
26075
26101
26102
26103
26104
26105
26106
26120
26121
26133
26134
26136
26137
26138
26141
26142
26143
26146
26147
26148
26149
26150
26151
26152
26155
26159
26160
26161
26162
26164
26167
26169
26170
26175
26178
26180
26181
26184
26187
26201
26202
26203
26205
26206
26208
26209
26210
26215
26217
26218
26219
26222
26224
26228
26229
26230
26234
26236
26237
26238
26241
26250
26253
26254
26257
26259
26260
26261
26263
26264
26266
26267
26268
26269
26270
26271
26273
26275
26276
26278
26280
26282
26283
26285
26287
26288
26289
26291
26292
26293
26294
26296
26298
26301
26302
26306
26320
26321
26323
26325
26327
26330
26335
26337
26338
26339
26342
26343
26346
26347
26348
26349
26351
26354
26361
26362
26366
26369
26372
26374
26376
26377
26378
26384
26385
26386
26404
26405
26408
26410
26411
26412
26415
26416
26419
26421
26422
26424
26425
26426
26430
26431
26434
26435
26436
26437
26438
26440
26443
26444
26447
26448
26451
26452
26456
26461
26463
26501
26502
26504
26505
26506
26507
26508
26519
26520
26521
26524
26525
26527
26531
26534
26537
26541
26542
26543
26544
26546
26547
26554
26555
26559
26560
26561
26562
26563
26566
26568
26570
26571
26572
26574
26575
26576
26578
26581
26582
26585
26586
26587
26588
26590
26591
26601
26610
26611
26615
26617
26619
26621
26623
26624
26627
26629
26631
26636
26638
26651
26656
26660
26662
26667
26671
26675
26676
26678
26679
26680
26681
26684
26690
26691
26704
26705
26707
26710
26711
26714
26716
26717
26719
26720
26722
26726
26731
26739
26743
26750
26753
26755
26757
26761
26763
26764
26767
26801
26802
26804
26807
26808
26810
26812
26814
26815
26817
26818
26823
26833
26836
26838
26845
26847
26851
26852
26855
26865
26866
26884
26886
27006
27007
27009
27010
27011
27012
27013
27014
27016
27017
27018
27019
27020
27021
27022
27023
27024
27025
27027
27028
27030
27031
27040
27041
27042
27043
27045
27046
27047
27048
27049
27050
27051
27052
27053
27054
27055
27094
27098
27099
27101
27102
27103
27104
27105
27106
27107
27108
27109
27110
27111
27113
27114
27115
27116
27117
27120
27127
27130
27150
27151
27152
27155
27156
27157
27198
27199
27201
27202
27203
27204
27205
27207
27208
27209
27212
27213
27214
27215
27216
27217
27220
27228
27229
27230
27231
27233
27235
27237
27239
27242
27243
27244
27247
27248
27249
27252
27253
27256
27258
27259
27260
27261
27262
27263
27264
27265
27268
27278
27281
27282
27283
27284
27285
27288
27289
27291
27292
27293
27294
27295
27298
27299
27301
27302
27305
27306
27310
27311
27312
27313
27314
27315
27316
27317
27320
27321
27322
27323
27325
27326
27330
27331
27332
27340
27341
27342
27343
27344
27349
27350
27351
27355
27356
27357
27358
27359
27360
27361
27370
27371
27373
27374
27375
27376
27377
27379
27395
27401
27402
27403
27404
27405
27406
27407
27408
27409
27410
27411
27412
27413
27415
27416
27417
27419
27420
27425
27427
27429
27435
27438
27455
27480
27495
27497
27498
27499
27501
27502
27503
27504
27505
27506
27507
27508
27509
27510
27511
27512
27513
27514
27515
27516
27517
27518
27519
27520
27521
27522
27523
27524
27525
27526
27527
27528
27529
27530
27531
27532
27533
27534
27536
27537
27539
27540
27541
27542
27543
27544
27545
27546
27549
27551
27552
27553
27555
27556
27557
27559
27560
27562
27563
27564
27565
27568
27569
27570
27571
27572
27573
27574
27576
27577
27581
27582
27583
27584
27586
27587
27588
27589
27591
27592
27593
27594
27596
27597
27599
27601
27602
27603
27604
27605
27606
27607
27608
27609
27610
27611
27612
27613
27614
27615
27616
27617
27619
27620
27621
27622
27623
27624
27625
27626
27627
27628
27629
27634
27635
27636
27640
27650
27656
27658
27661
27668
27675
27676
27690
27695
27697
27698
27699
27701
27702
27703
27704
27705
27706
27707
27708
27709
27710
27711
27712
27713
27715
27717
27722
27801
27802
27803
27804
27805
27806
27807
27808
27809
27810
27811
27812
27813
27814
27815
27816
27817
27818
27819
27820
27821
27822
27823
27824
27825
27826
27827
27828
27829
27830
27831
27832
27833
27834
27835
27836
27837
27839
27840
27841
27842
27843
27844
27845
27846
27847
27849
27850
27851
27852
27853
27854
27855
27856
27857
27858
27860
27861
27862
27863
27864
27865
27866
27867
27868
27869
27870
27871
27872
27873
27874
27875
27876
27877
27878
27879
27880
27881
27882
27883
27884
27885
27886
27887
27888
27889
27890
27891
27892
27893
27894
27895
27896
27897
27906
27907
27909
27910
27915
27916
27917
27919
27920
27921
27922
27923
27924
27925
27926
27927
27928
27929
27930
27932
27935
27936
27937
27938
27939
27941
27942
27943
27944
27946
27947
27948
27949
27950
27953
27954
27956
27957
27958
27959
27960
27962
27964
27965
27966
27967
27968
27969
27970
27972
27973
27974
27976
27978
27979
27980
27981
27982
27983
27985
27986
28001
28002
28006
28007
28009
28010
28012
28016
28017
28018
28019
28020
28021
28023
28024
28025
28026
28027
28031
28032
28033
28034
28035
28036
28037
28038
28039
28040
28041
28042
28043
28052
28053
28054
28055
28056
28070
28071
28072
28073
28074
28075
28076
28077
28078
28079
28080
28081
28082
28083
28086
28088
28089
28090
28091
28092
28093
28097
28098
28101
28102
28103
28104
28105
28106
28107
28108
28109
28110
28111
28112
28114
28115
28117
28119
28120
28123
28124
28125
28126
28127
28128
28129
28130
28133
28134
28135
28136
28137
28138
28139
28144
28145
28146
28147
28150
28151
28152
28159
28160
28163
28164
28166
28167
28168
28169
28170
28173
28174
28201
28202
28203
28204
28205
28206
28207
28208
28209
28210
28211
28212
28213
28214
28215
28216
28217
28218
28219
28220
28221
28222
28223
28224
28226
28227
28228
28229
28230
28231
28232
28233
28234
28235
28236
28237
28241
28242
28243
28244
28246
28247
28250
28253
28254
28255
28256
28258
28260
28262
28263
28265
28266
28269
28270
28271
28272
28273
28274
28275
28277
28278
28280
28281
28282
28284
28285
28287
28288
28289
28290
28296
28297
28299
28301
28302
28303
28304
28305
28306
28307
28308
28309
28310
28311
28312
28314
28315
28318
28319
28320
28323
28325
28326
28327
28328
28329
28330
28331
28332
28333
28334
28335
28337
28338
28339
28340
28341
28342
28343
28344
28345
28347
28348
28349
28350
28351
28352
28353
28355
28356
28357
28358
28359
28360
28362
28363
28364
28365
28366
28367
28368
28369
28370
28371
28372
28373
28374
28375
28376
28377
28378
28379
28380
28382
28383
28384
28385
28386
28387
28388
28390
28391
28392
28393
28394
28395
28396
28398
28399
28401
28402
28403
28404
28405
28406
28407
28408
28409
28410
28411
28412
28420
28421
28422
28423
28424
28425
28428
28429
28430
28431
28432
28433
28434
28435
28436
28438
28439
28441
28442
28443
28444
28445
28447
28448
28449
28450
28451
28452
28453
28454
28455
28456
28457
28458
28459
28460
28461
28462
28463
28464
28465
28466
28467
28468
28469
28470
28472
28478
28479
28480
28501
28502
28503
28504
28508
28509
28510
28511
28512
28513
28515
28516
28518
28519
28520
28521
28522
28523
28524
28525
28526
28527
28528
28529
28530
28531
28532
28533
28537
28538
28539
28540
28541
28542
28543
28544
28545
28546
28547
28551
28552
28553
28554
28555
28556
28557
28560
28561
28562
28563
28564
28570
28571
28572
28573
28574
28575
28577
28578
28579
28580
28581
28582
28583
28584
28585
28586
28587
28589
28590
28594
28601
28602
28603
28604
28605
28606
28607
28608
28609
28610
28611
28612
28613
28615
28616
28617
28618
28619
28621
28622
28623
28624
28625
28626
28627
28628
28629
28630
28631
28633
28634
28635
28636
28637
28638
28640
28641
28642
28643
28644
28645
28646
28647
28649
28650
28651
28652
28653
28654
28655
28656
28657
28658
28659
28660
28661
28662
28663
28664
28665
28666
28667
28668
28669
28670
28671
28672
28673
28674
28675
28676
28677
28678
28679
28680
28681
28682
28683
28684
28685
28687
28688
28689
28690
28691
28692
28693
28694
28697
28698
28699
28701
28702
28704
28705
28707
28708
28709
28710
28711
28712
28713
28714
28715
28716
28717
28718
28719
28720
28721
28722
28723
28724
28725
28726
28727
28728
28729
28730
28731
28732
28733
28734
28735
28736
28737
28738
28739
28740
28741
28742
28743
28744
28745
28746
28747
28748
28749
28750
28751
28752
28753
28754
28755
28756
28757
28758
28759
28760
28761
28762
28763
28765
28766
28768
28770
28771
28772
28773
28774
28775
28776
28777
28778
28779
28781
28782
28783
28784
28785
28786
28787
28788
28789
28790
28791
28792
28793
28801
28802
28803
28804
28805
28806
28810
28813
28814
28815
28816
28901
28902
28903
28904
28905
28906
28909
29001
29002
29003
29006
29009
29010
29014
29015
29016
29018
29020
29021
29030
29031
29032
29033
29036
29037
29038
29039
29040
29041
29042
29044
29045
29046
29047
29048
29051
29052
29053
29054
29055
29056
29058
29059
29061
29062
29063
29065
29067
29069
29070
29071
29072
29073
29074
29075
29078
29079
29080
29081
29082
29101
29102
29104
29105
29107
29108
29111
29112
29113
29114
29115
29116
29117
29118
29122
29123
29125
29126
29127
29128
29129
29130
29132
29133
29135
29137
29138
29142
29143
29145
29146
29147
29148
29150
29151
29152
29153
29154
29160
29161
29162
29163
29164
29166
29168
29169
29170
29171
29172
29175
29177
29178
29180
29201
29202
29203
29204
29205
29206
29207
29208
29209
29210
29211
29212
29214
29215
29216
29217
29218
29219
29220
29221
29222
29223
29224
29225
29226
29227
29228
29229
29230
29240
29250
29260
29290
29292
29301
29302
29303
29304
29305
29306
29307
29316
29318
29319
29320
29321
29322
29323
29324
29325
29329
29330
29331
29332
29333
29334
29335
29336
29338
29340
29341
29342
29346
29348
29349
29351
29353
29355
29356
29360
29364
29365
29368
29369
29370
29372
29373
29374
29375
29376
29377
29378
29379
29384
29385
29386
29388
29390
29391
29395
29401
29402
29403
29404
29405
29406
29407
29409
29410
29412
29413
29414
29415
29416
29417
29418
29419
29420
29422
29423
29424
29425
29426
29429
29430
29431
29432
29433
29434
29435
29436
29437
29438
29439
29440
29442
29445
29446
29447
29448
29449
29450
29451
29452
29453
29455
29456
29457
29458
29461
29464
29465
29466
29468
29469
29470
29471
29472
29474
29475
29476
29477
29479
29481
29482
29483
29484
29485
29486
29487
29488
29492
29493
29501
29502
29503
29504
29505
29506
29510
29511
29512
29516
29518
29519
29520
29525
29526
29527
29528
29530
29532
29536
29540
29541
29543
29544
29545
29546
29547
29550
29551
29554
29555
29556
29560
29563
29564
29565
29566
29567
29568
29569
29570
29571
29572
29573
29574
29575
29576
29577
29578
29579
29580
29581
29582
29583
29584
29585
29587
29588
29589
29590
29591
29592
29593
29594
29596
29597
29598
29601
29602
29603
29604
29605
29606
29607
29608
29609
29610
29611
29612
29613
29614
29615
29616
29617
29620
29621
29622
29623
29624
29625
29626
29627
29628
29630
29631
29632
29633
29634
29635
29636
29638
29639
29640
29641
29642
29643
29644
29645
29646
29647
29648
29649
29650
29651
29652
29653
29654
29655
29656
29657
29658
29659
29661
29662
29664
29665
29666
29667
29669
29670
29671
29672
29673
29675
29676
29677
29678
29679
29680
29681
29682
29683
29684
29685
29686
29687
29688
29689
29690
29691
29692
29693
29695
29696
29697
29698
29702
29703
29704
29706
29707
29708
29709
29710
29712
29714
29715
29716
29717
29718
29720
29721
29722
29724
29726
29727
29728
29729
29730
29731
29732
29733
29734
29741
29742
29743
29744
29745
29801
29802
29803
29804
29805
29808
29809
29810
29812
29813
29816
29817
29819
29821
29822
29824
29826
29827
29828
29829
29831
29832
29834
29835
29836
29838
29839
29840
29841
29842
29843
29844
29845
29846
29847
29848
29849
29850
29851
29853
29856
29860
29861
29899
29901
29902
29903
29904
29905
29906
29907
29909
29910
29911
29912
29913
29914
29915
29916
29918
29920
29921
29922
29923
29924
29925
29926
29927
29928
29929
29931
29932
29933
29934
29935
29936
29938
29939
29940
29941
29943
29944
29945
30002
30003
30004
30005
30006
30007
30008
30009
30010
30011
30012
30013
30014
30015
30016
30017
30018
30019
30021
30022
30023
30024
30025
30026
30028
30029
30030
30031
30032
30033
30034
30035
30036
30037
30038
30039
30040
30041
30042
30043
30044
30045
30046
30047
30048
30049
30052
30054
30055
30056
30058
30060
30061
30062
30063
30064
30065
30066
30067
30068
30069
30070
30071
30072
30073
30074
30075
30076
30077
30078
30079
30080
30081
30082
30083
30084
30085
30086
30087
30088
30090
30091
30092
30093
30094
30095
30096
30097
30098
30099
30101
30102
30103
30104
30105
30106
30107
30108
30109
30110
30111
30112
30113
30114
30115
30116
30117
30118
30119
30120
30121
30122
30123
30124
30125
30126
30127
30129
30132
30133
30134
30135
30137
30138
30139
30140
30141
30142
30143
30144
30145
30146
30147
30148
30149
30150
30151
30152
30153
30154
30156
30157
30160
30161
30162
30163
30164
30165
30168
30169
30170
30171
30172
30173
30175
30176
30177
30178
30179
30180
30182
30183
30184
30185
30187
30188
30189
30204
30205
30206
30212
30213
30214
30215
30216
30217
30218
30219
30220
30222
30223
30224
30228
30229
30230
30233
30234
30236
30237
30238
30240
30241
30248
30250
30251
30252
30253
30256
30257
30258
30259
30260
30261
30263
30264
30265
30266
30268
30269
30270
30271
30272
30273
30274
30275
30276
30277
30281
30284
30285
30286
30287
30288
30289
30290
30291
30292
30293
30294
30295
30296
30297
30298
30301
30302
30303
30304
30305
30306
30307
30308
30309
30310
30311
30312
30313
30314
30315
30316
30317
30318
30319
30320
30321
30322
30324
30325
30326
30327
30328
30329
30330
30331
30332
30333
30334
30336
30337
30338
30339
30340
30341
30342
30343
30344
30345
30346
30347
30348
30349
30350
30353
30354
30355
30356
30357
30358
30359
30360
30361
30362
30363
30364
30366
30368
30369
30370
30371
30374
30375
30376
30377
30378
30379
30380
30384
30385
30386
30387
30388
30389
30390
30392
30394
30396
30398
30399
30401
30410
30411
30412
30413
30414
30415
30417
30420
30421
30423
30424
30425
30426
30427
30428
30429
30434
30436
30438
30439
30441
30442
30445
30446
30447
30448
30449
30450
30451
30452
30453
30454
30455
30456
30457
30458
30459
30460
30461
30464
30467
30470
30471
30473
30474
30475
30477
30499
30501
30502
30503
30504
30506
30507
30510
30511
30512
30513
30514
30515
30516
30517
30518
30519
30520
30521
30522
30523
30525
30527
30528
30529
30530
30531
30533
30534
30535
30536
30537
30538
30539
30540
30541
30542
30543
30544
30545
30546
30547
30548
30549
30552
30553
30554
30555
30557
30558
30559
30560
30562
30563
30564
30565
30566
30567
30568
30571
30572
30573
30575
30576
30577
30580
30581
30582
30596
30597
30598
30599
30601
30602
30603
30604
30605
30606
30607
30608
30609
30612
30619
30620
30621
30622
30623
30624
30625
30627
30628
30629
30630
30631
30633
30634
30635
30638
30639
30641
30642
30643
30645
30646
30647
46792
46793
46794
46795
46796
46797
46798
46799
46801
46802
46803
46804
46805
46806
46807
46808
46809
46814
46815
46816
46818
46819
46825
46835
46845
46850
46851
46852
46853
46854
46855
46856
46857
46858
46859
46860
46861
46862
46863
46864
46865
46866
46867
46868
46869
46885
46895
46896
46897
46898
46899
46901
46902
46903
46904